HEAD is now at 87acf87 [added init files]
Already up to date.
1111113111111
11111131113
1111113114
11111131311
11111133111
111111333
1111113411
111111411111
1111114113
111111414
1111114311
1111131111111
11111311113
1111131114
11111311311
11111313111
111113133
1111131411
11111331111
111113313
11111334
1111134111
11111343
111114111111
1111141113
111114114
1111141311
1111143111
11111433
111114411
111141111111
1111411113
111141114
1111411311
1111413111
11114133
111141411
1111431111
11114313
1111434
111144111
1111443
11133111111
111331113
11133114
111331311
111333111
1113333
11133411
1113411111
11134113
1113414
11134311
11313111111
113131113
11313114
113131311
113133111
1131333
11313411
1131411111
11314113
1131414
11314311
11331111111
113311113
11331114
113311311
113313111
1133133
11331411
113331111
1133313
113334
11334111
113343
1134111111
11341113
1134114
11341311
11343111
113433
1134411
1143111111
11431113
1143114
11431311
11433111
114333
1143411
114411111
1144113
114414
1144311
13113111111
131131113
13113114
131131311
131133111
1311333
13113411
1311411111
13114113
1311414
13114311
13131111111
131311113
13131114
131311311
131313111
1313133
13131411
131331111
1313313
131334
13134111
131343
1314111111
13141113
1314114
13141311
13143111
131433
1314411
1341111111
13411113
1341114
13411311
13413111
134133
1341411
13431111
134313
13434
1344111
13443
1413111111
14131113
1413114
14131311
14133111
141333
1413411
141411111
1414113
141414
1414311
1431111111
14311113
1431114
14311311
14313111
143133
1431411
14331111
143313
14334
1434111
14343
144111111
1441113
144114
1441311
1443111
14433
144411
31113111111
311131113
31113114
311131311
311133111
3111333
31113411
3111411111
31114113
3111414
31114311
31131111111
311311113
31131114
311311311
311313111
3113133
31131411
311331111
3113313
311334
31134111
311343
3114111111
31141113
3114114
31141311
31143111
311433
3114411
3141111111
31411113
3141114
31411311
31413111
314133
3141411
31431111
314313
31434
3144111
31443
333111111
3331113
333114
3331311
3333111
333411
33411111
334113
33414
334311
4113111111
41131113
4113114
41131311
41133111
411333
4113411
411411111
4114113
411414
4114311
4131111111
41311113
4131114
41311311
41313111
413133
4131411
41331111
413313
41334
4134111
41343
414111111
4141113
414114
4141311
4143111
41433
414411
441111111
4411113
441114
4411311
4413111
44133
441411
4431111
44313
4434
444111
259
