1
47
306 1639 455 1459 1057 230 622 255 554 1511 237 353 1745 116 1244 1642 244 724 1325 943 55 726 1007 904 1238 536 855 1027 417 1541 859 424 530 242 816 135 1819 628 909 821 1949 645 921 610 712 1900 1223
323 2128 821 1512 1503 256 655 436 953 1610 645 1600 2216 517 1400 2105 733 900 1500 1400 1700 1248 1025 915 1257 1922 859 1048 517 1619 1915 754 2100 353 838 232 1915 1610 909 1903 2036 2238 1300 2351 1040 1950 1633
35
635 1032 632 941 1141 1509 1359 128 123 626 313 350 853 1551 54 123 357 1500 334 1315 131 1008 33 926 907 932 452 127 704 1854 1718 1924 1337 623 720
1202 2100 2151 941 1751 1549 1411 949 1500 647 2105 1350 1552 2300 2022 1238 2013 1543 2300 1332 2125 1300 200 941 924 1030 800 2010 755 1857 1829 2335 1348 1700 1500
100
140 1629 712 543 522 1207 1156 328 1910 1316 201 1651 819 1259 601 1525 1517 34 1523 303 414 1900 355 302 1339 1714 1928 1615 1745 156 847 553 549 427 1733 1213 1925 1254 627 1233 1018 834 1715 1427 952 932 1619 1720 1510 1646 345 1130 955 1259 1701 1044 220 1526 1749 1336 1136 110 1504 329 432 1525 539 646 540 600 1810 1551 1234 558 1039 1815 938 524 41 32 317 654 1519 1006 419 1618 103 436 1730 1901 619 1 417 347 1247 329 905 807 522 319
1038 1900 721 593 745 1249 1732 2354 1957 2000 2200 1717 2210 1327 625 1601 1603 800 1539 1900 2258 1905 2100 305 1408 1758 2012 1656 1754 2300 1333 2231 2114 445 1747 1228 1941 1347 658 2100 1053 2100 1803 1448 1256 2000 1636 1729 1652 2202 824 1535 1301 1600 1727 1103 1044 1527 1759 1426 1156 1946 2100 340 456 1601 643 721 846 2348 1820 1559 1531 1008 1120 1826 944 1700 1833 1419 2112 1900 1700 1101 1805 1631 2030 647 1741 2000 714 722 1600 1127 2331 352 2239 820 1600 2000
6 
900  940 950  1100 1500 1800
910 1200 1120 1130 1900 2000
